790715
1460235
926326
1386278
1039684
1401667
1274494
100517
1427925
788611
1387467
733076
1456212
1093557
1337298
915389
878927
1049782
34067
749647
1368308
81033
763744
1138118
103682
40729
1028734
789933
1284196
40987
37808
277509
1135971
1004434
88121
34563
1412067
775057
713095
909724
891293
1053374
920424
797465
803578
101538
1131903
1018164
874238
350868
1468780
1391933
1084991
19411
833795
1389936
83246
1095007
1008579
797468
1110607
1500217
1453818
932696
719274
106535
1476150
814926
1345122
1253347
1136893
7332
1413329
1010612
1084765
67625
315849
1079297
1037976
780571
35214
914122
1342936
1371489
1178727
897448
1001385
18672
805993
1467373
908315
1289848
1258602
879575
898173
96021
1501078
947484
1050377
808461
48732
1372183
88205
52428
7039
874766
1397016
925528
1481028
1224133
779544
788816
924515
904080
1008586
1069530
1035002
21510
833640
1335112
799167
875729
896747
701869
48898
928658
859598
1022344
1025953
1130889
1325281
1015328
1386570
1311370
1320760
1360901
1408710
1376227
352825
1142417
1402371
816956
854775
860748
1283630
37634
866609
1133818
1452872
899751
792966
1076930
1466538
1038133
1297667
892482
1280452
1172178
1118233
1365388
55135
1413263
917491
1023364
1290658
16040
855683
1066656
93410
805729
858655
724445
1089748
1014473
1424864
946647
798081
1138723
1029800
1095565
1218683
867374
77159
75208
1421636
789570
98338
820081
1057379
916529
890926
1006028
14195
1058623
1075706
1066764
1085392
12239
899051
1222840
1309402
942126
60086
1000623
1169445
879169
866439
726514
1368622
63754
1035216
847464
1392380
205402
912750
944696
945114
1262104
1402453
108985
885245
1383312
700923
1318008
925741
1166003
1419556
1022652
1006655
1468174
50471
1441082
750577
1307954
1466258
1183765
1109546
1284812
1141391
746515
1253986
1037868
1162461
708821
1113232
68622
75679
1453099
1020569
100591
1376139
70415
1108827
94049
1379606
1389123
277135
1275229
46080
1275187
1005276
1487101
1043000
1416090
1300514
1006830
1065059
868271
707605
78749
75340
1439397
1171486
1158449
1173911
1102266
27879
7431
1464423
104169
1315257
1353406
1445541
721371
94344
886035
27419
858800
1450722
882796
925263
1354371
1065078
1283699
1116132
1048695
1351901
812074
912562
1415332
901491
102037
1262823
1381435
1024126
1377936
880117
31667
1463972
1502377
790816
881524
811641
1355250
788920
1020859
16058
8328
1400891
54476
2186
1057352
1131312
1383094
896159
875582
1330568
1021162
1457919
855612
1384135
91576
1160308
758743
914139
1059262
1414964
701347
1160958
81027
1345991
1034760
1055160
38723
850033
792935
54187
1490161
1467761
1354730
1504619
710782
1331757
1473078
1283435
832480
1359841
1316944
1071255
1043604
1064728
354707
1415404
64996
709337
928340
275053
1396536
922247
1283140
1373206
1069533
19745
1314102
842633
802481
1309108
1028918
277638
1090908
82166
1091983
1325964
1162112
1499684
1420302
18498
1144519
1299709
1083743
23426
51548
1385280
1226006
724910
821026
1158780
66901
1423221
883975
95552
745981
804753
1490927
1326380
103145
1381240
894627
1318605
821995
49754
842162
1080657
1476246
715072
1049606
1022671
1005210
3545
883241
874499
1336917
1285543
1000209
790359
78239
1046025
277948
919864
707179
1144215
1465740
14846
814586
1392545
92679
65984
1175680
1107421
1097396
859163
59255
793306
881890
1108134
1035267
1398805
1145765
763907
1021270
880266
1283450
1353748
1000229
1101433
912752
1044777
1399306
71557
1493976
868611
1326003
1016125
1018254
740260
72207
3570
1361937
1500375
839470
1013857
68505
4127
70858
14693
775368
1296445
914475
1101680
12659
1128353
1448038
36146
72331
1415684
1353611
100378
1084869
1090061
1281774
793733
1056903
105608
1107280
1051514
857949
15847
1005101
771497
1331451
849869
46207
814046
19871
904163
1442492
1413898
1227265
1173204
1423689
1402328
1383414
1163165
1356949
910679
1336047
914747
707388
4962
1001171
896264
1211351
1438231
1278680
1096752
744218
899460
840715
1403161
1267426
719955
1000683
1356093
813920
1113169
816761
718413
850429
856135
1011570
46619
315131
3453
1059376
1084267
1175151
1490873
1035354
1428522
903129
1477336
1002135
886835
726728
1236997
1378140
1430259
49826
1277902
1325676
1341726
1800
354963
1354174
1100441
935494
1308161
750574
1041550
766704
910467
750004
92116
885590
51644
315293
1483510
1386018
64803
1305168
1099369
25598
1353615
74208
357301
1074902
1186258
1141807
20629
1062231
1031296
23632
1087423
1267753
812701
1018963
1497275
1071739
1390478
1353613
1461237
1353487
1297704
351998
1487798
877860
4515
896262
1092570
880242
1324410
1359555
1334933
1089511
1053352
945841
1287032
1434110
1094831
1085913
1364250
1442145
100790
93751
820608
1200375
317187
875622
1063104
110471
49648
844143
97134
26076
1042893
873044
1371451
924168
1043961
1141688
6845
882184
1316517
1471261
923796
1136174
826675
800457
1364479
315213
1296205
1010470
40545
1318484
1022079
10795
50104
1352190
719209
81362
1045450
1130464
1422768
773910
714712
855874
78814
357173
1234006
1025835
883948
815917
15511
779152
912603
1035201
1019787
1069157
1163302
1105705
784977
352998
822411
312257
836157
912595
1370804
853816
886158
711034
22701
1096385
896493
1009829
1409197
1063197
1002047
889900
1052752
1001614
946155
9984
1317945
1342423
77281
1304421
356309
842517
10456
703351
1367306
1352081
57131
831489
91419
64472
708818
811156
1398529
1005286
1405513
1037016
730708
870826
1392449
707886
2034
1058057
1003201
858470
1140536
1267425
1043894
1348952
1048286
883945
1353633
76334
1127703
702325
1310914
874977
1118237
867840
42682
81020
353184
933972
29989
723603
1062506
89140
736012
1122304
1344980
1172222
1263762
1033012
46765
1282637
1089143
729580
1054274
1016504
859070
825324
74303
1353722
23111
1004411
1469317
1384072
357097
1034594
1025362
1138724
818479
930775
1091667
1358651
834285
1140215
1334978
315374
4457
912767
1069878
72971
1363958
1038509
1070985
1210708
827054
805022
1341141
75594
949858
924822
826154
1460602
1005201
1286681
1389128
1423586
1405858
704051
1395942
1174821
1285819
743238
890547
1483096
1447051
1077428
1474439
56701
1308027
1390312
1472468
352915
896156
1002590
1408075
881453
884363
1163199
1176309
936468
1021435
1141240
1057060
926423
84112
1043951
225211
1426800
949870
1418076
1448597
1116463
1013272
949039
20639
36840
1056386
737875
1083643
1455926
1463258
890319
724571
1333170
1397403
849399
887936
1059378
1465264
1289790
1328989
1498380
1100412
1143513
819220
722313
1012771
1494877
37996
1509261
1377789
1115222
1367644
1109448
1170010
43196
1130713
1361025
78890
1085621
76282
1108645
793524
1177702
1441236
1171662
1015780
849547
1126956
1450335
230557
888491
866787
868857
868671
1068237
875320
817720
1223786
1364397
28823
79879
714256
744452
931799
353020
840489
1347022
876883
1350381
818033
1385157
1287865
842183
723646
740664
1429393
894245
75677
1251769
704562
1165002
1401521
1156445
828916
868780
1021561
940942
1120370
753772
1299139
1062822
874501
1050441
732417
105319
939767
1094093
13239
36966
1111928
1487718
1096275
319655
766701
1319947
1353499
1448431
1492632
1371217
1025378
860731
1091748
796505
1065201
1347652
1084067
70145
1252849
910521
1014763
868082
6885
1000232
1013934
105418
1015155
1005817
706688
54381
1326771
1397516
27996
875045
1109189
914156
705432
1330399
1367083
51011
1301236
1078075
771856
1431959
1389034
820313
1067294
1161154
717720
1482554
900349
1016178
1338474
1000697
1060219
66418
785557
874710
784011
29332
1141103
888504
1090425
911147
806172
1377630
7286
913144
316736
739421
820771
1368275
891024
318996
1113513
1101396
928465
1338749
1400810
1053507
1409999
1017480
1124105
1326190
1032220
771266
1417028
1060822
1468910
1009759
1295947
788329
1111741
1378453
1127993
889331
1018399
1375793
216877
1101026
314808
732834
1375618
1379006
67347
95029
1474098
12040
29644
1011432
1123494
1013606
315256
828530
101594
1037390
885462
927761
873303
1407200
876167
1326205
897723
57528
33533
1078037
1471727
1396054
830748
1403431
820318
1067983
743316
884940
58492
1101215
1051343
781902
93676
1425287
1000298
1224608
277058
1343034
1504461
1008848
1023024
811808
1401835
766829
1485029
744825
1214816
798783
215466
1402829
14707
1273813
1183082
203596
917523
1127371
1347613
811589
44545
1425289
87050
1262039
1073475
1355839
1411342
1045609
838875
69422
351569
1047127
895421
1438943
1505367
748592
12927
1487428
80035
893538
1320695
1390213
916907
1410428
1051627
1443863
785161
933141
84246
1412100
941713
1101302
1093672
1270436
1097864
36104
910606
1324948
882104
713425
919012
812796
873799
1213660
1019671
896878
97517
1061630
39677
1086222
1473579
1389125
107263
930245
1094739
821130
1069202
1101239
761648
880417
1264157
22444
890394
1126741
108385
50292
918965
1364099
34782
1383058
1447380
829323
1073429
1448705
1047884
793547
1466085
1093082
1037038
1041803
927653
811240
1098996
1434620
1033905
783324
1000753
892553
1126975
798287
1408534
912593
21175
1159281
712770
25743
907654
1328792
863110
742278
8858
884713
319458
1227025
1124140
73088
49071
923601
1388486
1340122
310764
1296884
1486957
1096343
1437107
745732
1405073
716133
717538
1498122
1119643
1131324
914577
1297996
40533
726958
202947
907242
1479681
310142
1396440
944745
1161364
766792
1407878
795403
320340
1417398
350698
1435224
769520
31791
1282648
846475
1069308
878526
41719
883237
843212
3116
1353282
1156039
46129
1279695
885978
1117057
319815
1004980
310354
1367859
1140859
888471
720875
1168663
1137789
750556
64040
1067837
1121484
1421603
1328598
97476
1140096
30625
921112
917251
1176316
79732
1232524
1040719
51434
97210
876427
715812
8146
1261654
45012
1422141
1487198
1130144
819913
1366246
1089598
313927
1054721
3197
910329
216228
1396878
866273
56978
202058
1318268
783280
728391
1139812
752714
1486159
821127
1052054
1307579
861884
1491829
1162283
1108426
313716
1128928
23795
1422142
1297937
713671
1060386
827809
72903
1405528
944148
1108348
732712
1388320
1178711
720005
1063761
1041024
823277
1282723
1091596
1089907
81018
899866
1018979
784539
717423
812128
716314
1039101
1055726
1114927
810958
1045810
921738
1143068
946581
6281
793952
1385292
798949
1459482
1017491
1017968
73756
1007019
36270
9466
18230
1376231
945989
825313
1261379
1290200
1409970
916457
99250
1100778
1390777
66496
1459862
1098151
1450922
850460
82473
1080056
1021860
45919
912728
844161
742126
1012100
1394922
1029199
1090727
1070423
893847
926282
1394108
350737
1387637
716006
1113481
731766
1322439
1284143
1048477
1434842
708819
7323
1482075
1365135
1145255
73986
1111335
1287213
71180
1374310
1362705
29534
104918
1058090
768899
1046050
1029831
1059377
61004
1035443
895051
891532
906163
1091907
814549
712515
1171008
1358190
1449349
701985
916540
927066
806592
819050
1324424
1032208
1378950
1287750
1001601
1001233
895417
4977
1407703
82020
906345
1363829
1318641
1357660
106532
95574
1483195
813762
812011
314227
811830
922330
1359687
3146
60667
821189
1393540
763532
105132
1043509
1003509
777917
915913
920760
4281
790051
1274032
1043222
108516
884905
1360530
1209709
1281761
1286225
922359
750813
1098146
1350653
1391127
74925
29905
912615
879911
1283464
72633
320335
1411879
104819
1462223
866729
225648
706698
1104188
885568
1393883
1466225
1168455
760498
98677
1488139
202584
1004036
1283596
1103021
797542
1337013
787253
1430306
1125259
50493
19617
712534
769397
727538
1361538
871763
946486
1207074
1140310
1028215
1314052
1123316
1321741
808326
31235
726854
1409171
1381105
1310383
751978
1437822
1430592
894158
837010
1115836
1449732
1432271
1012019
1396033
1425355
36506
6201
1397047
1061027
56868
883569
31978
92380
17843
60519
1163321
878828
1399520
922521
721683
1031623
1052595
1235468
1014739
1049521
931059
1132651
1161366
355948
1273931
1144980
98752
1073748
1092796
1282631
74145
1067063
55785
886128
745308
1482541
1158324
73309
1002517
1284807
1013488
45876
819926
854800
1325670
1289419
913241
1260221
1050797
836658
1396446
1402281
1117297
927355
1162556
1375151
5981
727273
1389122
885508
917520
708781
1026655
57515
858877
1168054
860413
1333493
794323
1050743
1486299
1163609
1137774
1089872
727346
1084384
1409947
835662
887596
6769
826326
1084048
900075
14177
934543
1383149
1360442
1350593
894671
1108967
71508
1374535
1045610
1329606
1134982
1165320
1095315
1094285
1089063
830524
21665
100625
104894
1318482
861838
1385799
1456802
832488
898293
1054905
1041514
749251
313143
77543
1069394
1010086
875357
1171155
831355
22606
1387713
1446159
936528
1404804
96885
1211583
1355001
1046311
927628
1372020
46250
1339947
1071411
799292
65596
774569
827187
1462103
97216
1423588
1398659
1324404
928953
1393066
1081745
108312
1069258
773840
1089061
764038
730272
9346
887151
1091883
1287808
1041859
945983
1120970
21076
1058307
1464790
918580
50725
1428816
1311673
796534
1140761
933974
1040470
1382230
55242
881787
1026214
1288750
1136869
731802
715957
1265848
1065280
747540
1076522
1042729
1472494
1381531
1070680
87802
1489588
1402479
700564
1319229
1013706
1415311
1306830
765880
73960
1304280
1013871
1108109
766421
19612
720154
109563
896622
1070336
932628
1443646
350797
1167419
8818
808362
356130
714562
793074
741516
912463
1050606
23194
355573
833444
1040130
1057083
1040593
1399855
1489393
276283
1368365
764622
886163
945764
1455741
1374328
107815
11544
319201
1128383
1484949
1113148
867665
1125264
1390844
1325878
1068875
1158895
1334036
894315
355429
1349577
1498828
1478454
931015
922224
913277
5272
1411036
1104506
1289496
717954
857855
911148
714310
1080709
1121788
1021635
880285
1494904
813828
1082506
1362988
908255
1279715
1043337
1056288
1389545
1437071
1088856
1103090
716643
70318
1499785
1082038
1432939
1001907
879585
1483386
90144
101295
1007330
1066605
1159275
100726
1353616
1133416
842518
1133470
944075
1080014
1040721
910638
1418819
813298
1083220
98246
822997
899715
1000694
1367064
320193
1041368
1059142
831259
799698
919956
1412659
1307140
1111711
1365038
318154
751364
1020710
799850
355019
109177
38777
935703
886744
8177
1326428
1357971
1030749
1329842
351817
16160
65172
49615
315709
700565
1166708
1346022
920448
1393818
728535
1008654
1081316
1047862
1490630
66382
836147
899749
82811
865058
1494448
908259
1494413
1061164
1126328
1253317
849146
737758
1109242
741815
1065088
1404079
853496
1418135
1408198
1109116
1418372
918646
700841
898437
1196298
820027
832489
1132509
884887
1358831
788784
1288403
1104855
1396814
7536
922621
1267332
316253
882835
1078099
876378
822818
14272
1013880
1324189
1116942
1416265
1304409
1383062
1049502
1128281
855658
30697
1038277
1129155
906465
1446714
720002
1156041
1047335
1099215
770460
1341439
1099160
62709
845698
1297989
1034054
1269371
1305323
1368637
832428
1434674
913341
24545
873860
1355790
1436425
1356284
103730
799165
59440
26058
1402436
1342287
6207
1275101
807863
921557
1102238
63908
1321646
320575
1294649
1082324
1030469
718937
1371782
701374
1089531
772406
1347178
1376321
1304161
33213
1379661
352541
1267238
1180262
1037540
1464963
1331875
918251
1302028
1161728
931182
8063
806279
21535
1434588
1053706
874716
1118072
1474167
723531
928576
85408
1019849
102729
894560
1024478
1036262
1162194
354908
889609
1092289
1176334
1130166
1104349
39899
1411685
81157
1024725
795266
1365357
1282663
1309082
8670
1124941
1018724
860730
55529
943861
721447
791963
1168990
913142
1190370
1020214
886982
1138476
1273685
1195933
1376793
49728
1170991
1476204
1324272
1368757
1474464
1075736
1350421
891103
1023458
1314196
746598
86115
1095277
895464
1098972
1089319
1156174
1388430
1084961
1378624
1172139
350852
1318568
783325
1346980
879101
52988
1109357
1003410
1437557
73887
1038074
1005229
929940
34903
1035092
703604
1140102
889123
47217
1379785
24491
1429764
83350
927720
1260990
768408
1035688
33992
1042046
1446847
1270200
720672
1023860
88948
1142801
56873
1011509
1173489
783005
1412486
353569
728385
1084554
1046203
714603
1442101
34088
1219601
764764
914208
1320854
1014111
1436229
1209028
314203
1961
57725
892537
1126115
103379
16918
356028
1122976
1125920
1031093
837919
1110805
20212
1029730
1422143
812348
1051470
1097149
801337
934549
891166
1349436
819689
102109
1040971
200406
107140
320017
1085277
1169770
887343
879635
1158659
1427437
1074871
102752
1265131
1449794
929008
749038
1172631
47111
1403568
891014
1431766
1095073
1131227
861842
1437283
724004
1375195
1317630
935036
100548
1406666
764897
812233
1135657
742112
1286964
890447
1437925
1423325
868278
893949
42582
1112920
891482
76605
1275014
763901
93556
807707
92416
936340
878726
1495320
1364885
921113
45947
29915
913778
1299969
101199
1282977
1439567
806517
1206264
912061
785786
1490349
1477246
17313
856982
920427
1276520
92103
1230245
1409375
914025
1358356
1003078
1174814
1393726
1383394
75252
96869
1267602
1006281
1501364
948708
1046327
798528
1265572
875159
1164888
33185
1012620
315858
894329
1316175
1001039
835011
1451505
1061219
851968
1278752
872248
936402
1353970
890491
1448301
1387061
1365555
1087294
65011
21344
1316644
1005409
1477009
1374567
716605
70487
1056087
889348
1458891
1100644
799231
1262976
949157
105770
887226
1441769
1208261
1383082
89089
944314
1141197
69633
1092699
1002638
356171
1051251
1505890
75362
884614
77360
831547
4187
1396009
1011659
30305
1389050
763563
866368
1425565
1309132
908937
1280784
2488
1411059
61339
1090009
890564
1292519
1142750
38984
1479247
949961
32604
931584
768835
852772
937941
879407
1069183
20290
703361
1419554
1050915
1032975
97745
90498
277595
1102112
1103795
1499357
1290476
1444307
1001250
895419
1498148
319200
41091
1405041
1015739
803649
1108236
885550
1275477
1489300
825542
912093
811831
91767
1283602
864509
315189
1013238
1109196
1461640
1452936
1033128
748268
1042642
1168696
1420800
1492633
81955
76267
1403475
846913
836809
713676
1351285
842295
704532
2098
37472
864839
708955
22356
753308
1308606
1489096
1407623
91882
92122
1379404
1003642
1369568
1113256
1286131
30371
798941
1434621
80661
1036188
52827
707511
744187
711404
894871
1456772
800240
1133421
1419275
934612
1039828
26172
1143238
216085
75488
1042776
1496268
91142
1413119
874292
946563
1156815
1438095
1433994
1282266
1057877
1462418
1227268
1449792
895447
1036044
789460
1046568
106040
831641
52485
1335105
1113313
882095
313364
1260125
726516
1164863
730669
1430602
940944
884624
808450
1041061
879682
1308547
101830
773141
884219
1421907
1061983
350894
1272830
714395
844965
876343
1089819
1377848
931336
832101
1326321
8868
1273441
319654
883984
92487
79661
872912
1017303
25895
803164
1385329
1171759
917225
796343
1410098
1298946
1354327
932781
885725
723188
1290098
929351
18654
1050825
1409175
861459
1239819
1316835
723125
916076
802681
1267395
1383650
1171825
883107
1421517
110019
911216
1063537
1102358
1056358
1106213
1066923
866374
1361983
1445109
1099800
794170
101382
1492658
1013237
1160791
1327068
1398137
74046
1467858
857737
933738
949158
311094
1327978
874761
887919
1226616
314489
4447
792161
1121745
23217
1172358
792130
730349
771999
1320461
930236
879526
1090012
1323648
1236275
1310067
768710
1065837
702513
722830
72741
812152
1050446
9326
1060391
1371128
1080448
1180145
81100
750686
701221
20520
1437106
851310
57183
1396633
1094348
1490892
1403256
733269
1381668
33002
1430523
835324
99780
1288469
315958
787250
1434477
895126
1166691
92521
1083706
27093
92108
1345126
278130
1375063
276720
1351051
1333274
1287151
875355
1360604
63330
1069996
1293282
1466815
1301611
1289340
1017655
105744
1094814
1399352
1356104
78128
1016708
311817
95953
1493712
1163389
846617
75439
1135185
720858
14930
1469038
1358654
711669
1022408
946673
79282
861878
1372807
5513
1053584
1011452
1435387
32621
16732
351789
879555
1424549
923120
821483
1349437
850261
1297587
732026
352991
1077771
87347
895665
29669
1399249
906107
1378718
1283434
1420720
929545
1017673
1403853
921082
1099132
1094038
727510
1181749
1378590
96536
1015383
54507
310158
922612
77877
1048789
719494
1403802
1308208
887730
1045425
1385662
1459287
712771
885975
915840
40211
898174
84748
885275
1059556
764630
1368458
1454742
1497770
1489874
1288855
99106
1099509
799233
1085869
1286613
1386164
1362703
1023128
884269
767405
1177845
38009
354647
56679
1343491
886137
1296435
757011
1311538
865752
76149
1393612
1463389
1060349
749660
1286405
1395585
60714
1411168
1082923
1114483
1098296
1222333
1096934
812306
1425205
764401
1062128
52795
6951
1038357
886206
1092662
18172
1366340
88790
925660
318300
872589
910108
1371571
1023459
1027884
1289838
62362
1348259
1037676
76321
69488
1004155
1075531
1235010
1052354
30554
3499
795212
1083522
1172318
1466593
776867
3153
1122904
1009672
721693
1198415
51253
714284
101778
792977
1437479
64463
1445942
1293234
96793
825788
1002910
874015
39092
1498301
1094810
1043219
65770
1125699
1001316
1434070
1496818
1465128
8192
1406587
1370489
1206942
1414043
805928
1315399
850209
908311
1039065
1488917
50172
1298675
892832
1164727
68589
1095291
100885
949428
816284
1364742
809248
1095651
1025996
824142
1414475
1179929
862831
930420
1370450
1006837
866829
1004989
18349
915912
1103982
857005
1437491
1001838
794619
70866
949721
1016281
36047
66740
924805
1286043
1076784
920465
910612
886136
1481792
101829
1139552
1394074
1289850
1119897
1220754
1019034
1383057
319687
1075415
785956
1066684
1121702
1335258
1436975
38725
1332551
107833
1348362
1396877
807882
1431074
1322505
917470
1465470
719402
750558
66570
1156375
886171
1043565
1492869
1281845
918545
1040426
943819
1376912
37008
723612
726601
1402057
1392091
85961
1385613
829325
1172052
894405
1066194
106640
1128725
6176
876523
909108
1228627
712034
88941
1375686
925645
1212545
1185348
733590
27430
867773
728447
89439
1115055
1098880
69891
1035983
746210
40704
882291
1137883
72909
716688
864240
1061937
1289945
70502
730255
866706
62996
13372
1424844
1333822
1110795
1007587
106455
1319161
54480
278165
907471
906709
847942
824410
1178879
1506929
1317839
1469372
81023
1046257
67716
947559
1042418
276209
1416876
39020
1110647
1077688
47129
1038222
1043186
863894
1442626
1469822
1475922
909494
1001115
1407805
830616
1424768
34285
1185198
1104280
844856
1066247
921183
1464343
217346
1157408
107832
1094084
1404943
921582
1496048
88000
46195
50863
1373670
92230
837852
1128361
1062292
103595
1320414
715579
719733
1070750
23197
28917
318306
1469510
1357615
24104
1303942
278166
1058290
20286
1223533
1078271
1048268
315852
887733
1006424
1158463
915358
93389
1482512
1362004
944480
352955
109380
924719
1046995
1393359
1456016
71691
815556
1271075
110621
16099
1051512
1357459
765207
49600
891417
1307748
1302343
100122
718332
880641
737468
1385818
1365101
6494
946644
1323885
1052100
1235007
1193311
100826
1001082
1168220
1301991
1131554
48039
1370946
719413
794367
1040829
69733
915779
1157647
1039280
1004724
316300
1089815
27673
1034670
1054102
832988
814453
1133869
1228454
1223444
1498067
1280058
926617
1424404
720500
946454
740663
1384195
1072379
804328
15357
1040850
1124610
854560
1003815
1175609
1461219
1005731
1321828
1168165
1378946
84129
718877
1341318
1446687
317540
711377
743988
725363
1489136
1000045
1174922
715787
357294
49196
225628
75288
51143
1096376
1446371
1315255
823768
1013462
1077183
1482913
788965
860546
791908
1011060
751365
943452
1175454
1376986
920148
945828
1160661
1094139
1227654
1407704
892222
65270
81061
752294
1179060
722572
1022321
1506439
95521
1001902
1163370
1030916
1005757
1100682
1061069
886346
1259429
717806
948426
1177394
821002
842023
902274
922360
1227090
1037131
1123979
1124198
1279704
1040765
1276531
859737
1022646
1065696
727892
823094
704415
1196501
1160945
923139
1297341
66004
911649
1453593
798359
711477
27904
862692
843006
1326200
1412665
1060009
1175535
80420
849145
862861
1393311
707549
1417663
1176373
1495932
927003
26324
797721
1016169
1040792
1083446
1173431
850141
822416
727634
887396
7623
1474735
1086600
1169055
1278027
98362
354190
877890
1444363
65759
77776
1383055
710752
814676
1067701
924901
25232
1331520
1161582
354950
1350102
943184
25475
17797
773717
1432196
1110482
10254
60977
731288
903651
828944
876437
25445
201533
107687
754811
895456
1131096
1108205
1182534
916365
1331465
1338065
1040896
931755
1178670
920522
1201792
1504008
1216752
1053691
899689
1418302
12400
4904
1102432
1424657
768411
721994
1476765
706129
77476
899629
1360565
100716
1137547
73124
1063344
744455
1431567
1007273
827052
33488
31462
1438533
37637
87047
96223
67887
1070412
1023994
1368265
884144
13573
897429
2969
1157075
1129542
849401
1166928
1318084
42316
100493
1421182
59527
1476045
1103640
1411906
94845
55067
899923
862668
1450720
906780
1108320
851520
40888
1118384
1042187
1426945
1047340
9389
1453814
1331463
1276187
1028954
39911
922358
1492691
72573
24741
1389124
6879
1380509
1441849
1266832
943034
1309442
105016
778164
1386301
747159
1444706
1169561
1467760
1094392
897315
1514743
1041657
1114220
1350420
1163612
1485469
1104485
1394156
1065332
1334589
1471781
1358071
1284450
1357671
1487782
890066
1477294
945384
1138258
1279363
729986
898171
1352952
1470550
1078207
814585
318673
1353538
73290
105634
1294808
717605
918160
317340
91928
1056285
56047
897077
1019737
1487986
1062047
1482430
831001
59860
1099219
1093691
851205
1058811
48465
22767
72333
1070524
1138978
887921
47518
1366928
736772
862022
814547
859222
1174940
1082554
1340909
1468010
1414932
109198
34115
1053369
861441
1000228
101984
76063
1500861
1342958
1255474
80424
822662
1057706
1421461
937556
797564
1090872
1377149
920112
1099568
1156388
59478
80172
1120914
1223389
1289308
1120193
1043277
1410636
28412
102212
1366868
814184
786947
1368148
1339605
1182737
719739
1023313
1157601
864749
1353226
1397187
1379041
880807
49938
316709
59558
1304730
1125376
1383151
1487843
837465
830122
928054
1138639
716634
1036848
1269980
1382231
790179
42888
917273
1366744
1024795
1019695
310522
920371
29002
1070494
48287
1482974
1288359
1495479
894081
930810
874866
768216
1383084
317788
1315061
1422183
91440
350403
805676
1337619
764579
1428389
882508
203527
934648
810509
878932
65312
74260
740806
924717
792987
700764
1493611
1491419
355811
944809
918541
1436942
39263
19584
36029
844538
1112985
813672
6955
11199
86759
701288
730464
1420031
1434601
18255
1137411
1018840
878004
1388319
1166126
1362468
775158
911109
55772
1487052
1430723
1379895
78100
108772
1035748
1404296
833079
1071993
72162
933034
720762
1500213
26780
1314152
86521
1039399
320187
1031203
28385
1031029
1159036
31107
1083301
834365
1142412
829224
906553
819793
928022
1498311
1290900
915778
1278021
794172
86312
1103601
1299130
764180
1377178
1381197
1023731
862651
702165
845877
798354
1450923
39368
746514
1042773
790526
1472787
1130758
1075607
1037646
15615
1482912
1414382
1102993
1006045
706863
1087456
1323468
1073349
1057051
1045309
1056757
1289460
1060736
1110803
1471728
836564
1408100
1048911
1487952
945394
1126294
12208
1164256
1260968
1355096
1172706
776901
31347
885307
1175483
1490906
1043121
19446
1263872
37785
1006269
789019
752642
1065598
13156
1142596
815097
939930
1129096
1495216
907254
899045
78003
916789
719135
845091
63296
315545
8947
1263364
863436
1178377
936395
351834
914748
910267
764065
711665
89800
1506307
880984
730263
727920
1405495
922864
1365916
73020
1178970
701719
909832
1145197
1109354
10048
884217
918543
1485074
889971
1088413
1355677
723254
1309136
1130310
355999
1090396
1102934
1163739
1496443
1502756
1375348
902791
99302
1339920
1397911
740971
1468328
1106838
921825
1497645
885639
1232582
1325879
877212
1047166
830656
104889
755001
310826
887905
743367
912242
1031316
1445815
910073
84839
811596
1419793
1283337
948072
731012
4969
1492298
1068851
810136
1005284
1314772
1095981
63276
39311
1319643
1392972
926660
1099590
746838
719220
1487371
1134765
1428205
1053532
1056696
933036
739708
1750
276077
1257640
1012493
1419951
1392363
1047122
352736
732717
1326160
96271
811532
1159167
9092
61986
1361658
754737
1077561
1029142
58361
1104657
1502659
944130
18926
709005
791915
1088034
883980
1354866
784199
1405198
35527
815094
858339
1337068
1068148
313151
93205
1383054
1157987
1269190
1325814
71829
1471265
1038773
1108524
834071
1402737
1166388
1422892
1080340
712537
846901
313616
1071840
66756
1404912
1488419
1157762
1106644
728387
1123596
1446806
85535
7789
1464165
53320
1344596
1295810
1113809
1401564
1389170
320121
1326141
1331754
835887
1471824
875657
66904
1114925
1395317
1473597
867038
1396549
1419242
1302946
1301787
1004702
1255604
1407583
898770
1295401
1040161
1328237
731653
1289490
10329
1133311
842013
924383
874396
96943
2178
24090
1433660
1303313
822663
1418121
1332174
1032033
1412347
1187953
1437226
1332349
1290205
1034842
1410172
1034592
1310227
1123852
1070296
