945983
1504619
1350381
1004036
710782
889331
1498380
52428
1289496
1430306
1366340
922621
317340
1169770
1325964
103730
913144
866374
1108967
1168455
1094348
59527
884219
1425565
1095981
1016178
69891
1012620
749647
1328792
355948
1469317
70145
1166003
1096376
1315255
811596
1252849
886128
108985
1179060
81033
101199
726728
1053706
31235
90144
908259
1087423
717538
69733
1010612
714603
715579
1172706
1085392
1316175
911649
48287
1067837
65011
769520
310764
1347613
77281
1274032
920112
785786
72162
712771
1307579
1467373
1090009
1409999
1043337
1062047
889900
352915
1018254
832480
97517
105319
897077
833640
906709
863110
1468174
1114927
877890
1116942
313716
21510
28917
1114925
34903
1408075
880285
310826
837465
1365916
