3116
1178970
310354
945394
1404079
57528
874292
94344
1054721
1068237
794619
80035
1405528
202947
1121788
1434110
916365
1283140
845877
1113256
1006281
1342423
1301236
932781
1021635
1289419
1305323
20629
733076
798949
891103
1393359
1320760
1059142
1385280
1169055
1442145
72903
797468
1394922
58492
1099800
315256
1138118
1414932
775057
1368622
912750
1180145
948708
9389
1175680
1193311
31791
898173
24090
1094392
1175535
1005229
884887
1168696
1441849
1023313
1396878
70502
764401
66740
813762
873044
1422892
715957
1495320
844161
97745
1296435
1423689
94845
1033128
820313
1267425
1090908
1073349
949158
886163
310522
1009759
1131096
1065201
1084961
70487
1001250
8670
1158449
75679
1474464
316300
8947
1043565
100378
768835
