3116
1178970
310354
945394
1404079
57528
874292
94344
1054721
1068237
794619
80035
1405528
202947
1121788
1434110
916365
1283140
845877
1113256
1006281
1342423
1301236
932781
1021635
1289419
1305323
20629
733076
798949
891103
1393359
1320760
1059142
1385280
1169055
1442145
72903
797468
1394922
58492
1099800
315256
1138118
1414932
775057
1368622
912750
1180145
948708
9389
1175680
1193311
31791
898173
24090
1094392
1175535
1005229
884887
1168696
1441849
1023313
1396878
70502
764401
66740
813762
873044
1422892
715957
1495320
844161
97745
1296435
1423689
94845
1033128
820313
1267425
1090908
1073349
949158
886163
310522
1009759
1131096
1065201
1084961
70487
1001250
8670
1158449
75679
1474464
316300
8947
1043565
100378
768835
945983
1504619
1350381
1004036
710782
889331
1498380
52428
1289496
1430306
1366340
922621
317340
1169770
1325964
103730
913144
866374
1108967
1168455
1094348
59527
884219
1425565
1095981
1016178
69891
1012620
749647
1328792
355948
1469317
70145
1166003
1096376
1315255
811596
1252849
886128
108985
1179060
81033
101199
726728
1053706
31235
90144
908259
1087423
717538
69733
1010612
714603
715579
1172706
1085392
1316175
911649
48287
1067837
65011
769520
310764
1347613
77281
1274032
920112
785786
72162
712771
1307579
1467373
1090009
1409999
1043337
1062047
889900
352915
1018254
832480
97517
105319
897077
833640
906709
863110
1468174
1114927
877890
1116942
313716
21510
28917
1114925
34903
1408075
880285
310826
837465
1365916
